Base	G	A	T	C	sample
1	30.5665547821	23.3674427626	27.8428269668	18.2231754885	BC5_run3
2	30.5551062818	22.4453511398	26.508093877	20.4914487015	BC5_run3
3	32.7902467958	22.3960955959	25.3075744221	19.5060831862	BC5_run3
4	31.1522894633	21.7297647969	25.3775065584	21.7404391814	BC5_run3
5	31.5944325031	22.7264199851	24.5528591449	21.1262883669	BC5_run3
6	31.1799765286	21.7292121712	26.3959306811	20.6948806191	BC5_run3
7	28.2520554782	24.0454733351	26.0516603202	21.6508108664	BC5_run3
8	31.5001352752	24.1816442662	23.7328263348	20.5853941239	BC5_run3
9	27.1767399622	28.4322043045	24.6547813125	19.7362744208	BC5_run3
10	27.4416419325	27.2865841939	25.3659557784	19.9058180952	BC5_run3
11	25.6265354376	27.8699451057	25.5826826882	20.9208367684	BC5_run3
12	25.2194684027	26.9237047165	27.2051518005	20.6516750803	BC5_run3
13	25.1996240284	26.8011414017	26.696323629	21.302910941	BC5_run3
14	26.2627101979	26.452559191	26.365145854	20.9195847571	BC5_run3
15	26.3273502792	26.2268080015	26.3343290962	21.1115126231	BC5_run3
16	25.8173026167	26.2695171282	26.3472322562	21.5659479989	BC5_run3
17	25.2850847492	26.0643548399	25.9432888202	22.7072715906	BC5_run3
18	24.8429392371	26.5500629426	26.4726451827	22.1343526376	BC5_run3
19	25.5860680812	26.1182671919	25.3022857239	22.9933790031	BC5_run3
20	25.4959408638	26.5318825674	24.9006284904	23.0715480783	BC5_run3
21	25.3654820969	25.7231801149	25.4720197475	23.4393180408	BC5_run3
22	25.3854019796	25.7972997909	25.1118975747	23.7054006548	BC5_run3
23	25.385072798	26.6802350045	25.0424244646	22.8922677329	BC5_run3
24	24.9746304562	26.3745975764	25.2510047286	23.3997672389	BC5_run3
25	24.9281323276	25.6418710137	25.3677951217	24.062201537	BC5_run3
26	24.5534778708	26.3545865103	25.3152296327	23.7767059861	BC5_run3
27	25.0324728233	25.3607992359	25.2549651898	24.3517627509	BC5_run3
28	25.1269837057	26.3780784957	24.1741548758	24.3207829228	BC5_run3
29	25.5943463117	26.3513360013	25.181266209	22.8730514779	BC5_run3
30	24.3601108598	26.2531062434	26.0410185961	23.3457643007	BC5_run3
31	24.933474262	25.1232174976	26.5641430626	23.3791651778	BC5_run3
32	24.9976154089	26.5013069364	25.0959177306	23.4051599241	BC5_run3
33	24.5264895711	25.9021299226	25.3562030891	24.2151774172	BC5_run3
34	25.3091031018	26.1421582769	25.3109457433	23.237792878	BC5_run3
35	26.3931887608	25.6055961135	24.5188211345	23.4823939912	BC5_run3
36	25.7922181259	25.3669787735	25.3584339896	23.482369111	BC5_run3
37	25.2002957542	25.354182627	25.4549223767	23.9905992422	BC5_run3
38	25.8704758871	24.2395855053	25.9159472605	23.9739913471	BC5_run3
39	25.397489527	25.2441972604	25.4169784127	23.9413347999	BC5_run3
40	25.3366412533	25.1961065136	25.4555177197	24.0117345135	BC5_run3
41	24.4999948096	25.5258046217	25.9043998258	24.0698007429	BC5_run3
42	24.3446926459	24.8337288968	26.2954297139	24.5261487433	BC5_run3
43	25.3406281139	24.3342835015	25.5467339968	24.7783543878	BC5_run3
44	25.2844645678	24.626396929	25.4194190684	24.6697194348	BC5_run3
45	24.7988868965	24.8710585751	25.8967415268	24.4333130016	BC5_run3
46	25.0123054649	24.8783398687	25.0230018714	25.0863527951	BC5_run3
47	25.5424440392	25.1497018847	25.0999111866	24.2079428895	BC5_run3
48	24.8920492147	25.6313136354	25.6319278209	23.844709329	BC5_run3
49	25.32325228	24.9126170741	24.9527892458	24.8113414001	BC5_run3
50	24.6686166771	24.9632411647	25.692787515	24.6753546432	BC5_run3
51	23.9765510834	25.4395670742	26.1876011898	24.3962806526	BC5_run3
52	24.6754464423	24.7567159115	25.5821484748	24.9856891713	BC5_run3
53	24.7831703323	24.5209217595	25.7078732698	24.9880346383	BC5_run3
54	24.2789258482	24.9135039141	26.7000733325	24.1074969053	BC5_run3
55	24.9644006306	25.1303502482	25.3149246502	24.590324471	BC5_run3
56	24.800730778	24.7397084586	25.5860129146	24.8735478488	BC5_run3
57	25.6212012315	24.9482720888	25.4647118656	23.9658148141	BC5_run3
58	25.025355222	24.7482833115	25.2460545408	24.9803069257	BC5_run3
59	24.5473098012	25.9371613963	25.2041638799	24.3113649226	BC5_run3
60	24.3063745538	25.3258213138	25.527894349	24.8399097834	BC5_run3
61	24.8527987907	24.7608487885	25.252831273	25.1335211479	BC5_run3
62	24.7516155499	26.4067513186	24.8693572963	23.9722758351	BC5_run3
63	24.0090814907	26.0634590745	25.4851365352	24.4423228997	BC5_run3
64	24.3257506893	26.0057708729	24.6712017289	24.9972767089	BC5_run3
65	24.5539256424	25.557381426	24.5732602317	25.3154327	BC5_run3
66	24.6654004291	24.9848362139	25.2120184419	25.1377449152	BC5_run3
67	24.2517779138	24.6470792773	25.8936684877	25.2074743211	BC5_run3
68	24.9606278396	25.6344236684	25.2595855946	24.1453628974	BC5_run3
69	25.2964451845	24.8920151198	25.4601122361	24.3514274597	BC5_run3
70	25.9904455845	24.8538796294	24.849523996	24.3061507901	BC5_run3
71	25.276370642	24.7517933985	25.3242862951	24.6475496645	BC5_run3
72	25.1971441184	24.7576524171	25.669573263	24.3756302015	BC5_run3
73	27.876739227	22.4390019329	24.2329683575	25.4512904826	BC5_run3
74	24.4158150228	24.7747875033	23.8009220255	27.0084754484	BC5_run3
75	26.491919652	23.8348017736	23.6328672366	26.0404113378	BC5_run3
1	28.732112262	22.7475180696	25.8432922173	22.6770774511	BC12_run3
2	30.8381699007	21.9173740116	25.8118315474	21.4326245403	BC12_run3
3	32.4937164817	22.1472477657	23.6922437757	21.666791977	BC12_run3
4	30.5748358266	21.9164967779	24.2369248505	23.2717425451	BC12_run3
5	31.5835849138	22.4763282077	24.0659846638	21.8741022147	BC12_run3
6	30.0329786728	21.5511353388	26.6621315253	21.7537544631	BC12_run3
7	27.6632978502	24.1318471409	25.4079999336	22.7968550753	BC12_run3
8	30.0931557807	24.1737208568	23.1293633017	22.6037600608	BC12_run3
9	25.4892566801	29.9033199798	24.1275961533	20.4798271868	BC12_run3
10	26.7967599661	28.4292578888	24.9368309991	19.837151146	BC12_run3
11	25.5227905055	29.4038607955	24.6174442443	20.4559044547	BC12_run3
12	26.2733433866	27.8009516607	25.3771282927	20.54857666	BC12_run3
13	25.8490884018	27.0883285954	24.937754434	22.1248285687	BC12_run3
14	25.9585166799	27.6450048575	24.7162116225	21.6802668401	BC12_run3
15	25.6747262049	27.1595347406	25.8940943631	21.2716446913	BC12_run3
16	25.5464353013	26.6125011747	25.7868853263	22.0541781978	BC12_run3
17	25.532414335	26.3182281172	25.5976747407	22.5516828071	BC12_run3
18	25.3277928091	25.9406904257	25.84930442	22.8822123452	BC12_run3
19	25.4687011035	25.7613264854	24.7499825229	24.0199898883	BC12_run3
20	25.2580928011	26.7157489394	24.5022351092	23.5239231502	BC12_run3
21	25.0352761065	26.6125758506	24.8124543217	23.5396937212	BC12_run3
22	25.1839307805	26.334689298	23.9188511926	24.5625287289	BC12_run3
23	25.7773871625	24.9343525473	25.0925064449	24.1957538452	BC12_run3
24	25.1411257628	25.2210291844	25.4539943551	24.1838506978	BC12_run3
25	25.5302173662	24.7366342582	25.2086576682	24.5244907074	BC12_run3
26	26.045423847	24.8828252798	25.3897417707	23.6820091026	BC12_run3
27	25.0402050737	24.3013265267	24.9728206339	25.6856477656	BC12_run3
28	25.1344748078	25.1904731287	24.9808688926	24.6941831709	BC12_run3
29	25.8575335433	25.0257411871	25.065423648	24.0513016216	BC12_run3
30	25.5460538558	25.4592822307	25.2038887593	23.7907751542	BC12_run3
31	25.637375526	24.9178362534	25.1979814879	24.2468067327	BC12_run3
32	25.9410734356	25.4712149527	24.361348454	24.2263631577	BC12_run3
33	25.2089820116	25.3795716603	25.3535780377	24.0578682903	BC12_run3
34	25.6282275852	24.6769009886	25.0118604889	24.6830109374	BC12_run3
35	26.6178830836	24.1168414245	25.2782582929	23.987017199	BC12_run3
36	26.5635748555	24.3212555671	25.3803341344	23.734835443	BC12_run3
37	25.8753864947	24.5348027747	24.6197916169	24.9700191137	BC12_run3
38	26.2500684158	23.9906416619	25.0877000938	24.6715898285	BC12_run3
39	25.9900406971	24.5005121362	24.8519077297	24.657539437	BC12_run3
40	25.9693071298	23.4166592287	24.467494828	26.1465388135	BC12_run3
41	25.3607141351	23.8161131538	24.2918714864	26.5313012247	BC12_run3
42	25.5264531947	23.414270081	25.0738845089	25.9853922155	BC12_run3
43	26.6430194324	23.0606995407	24.2869751079	26.009305919	BC12_run3
44	25.6879302602	23.8530449038	24.5996662483	25.8593585878	BC12_run3
45	25.5292813583	25.0579320245	24.5282759319	24.8845106852	BC12_run3
46	26.4661291359	24.712518721	24.4005023466	24.4208497964	BC12_run3
47	26.3483080573	25.5953725859	23.788378719	24.2679406378	BC12_run3
48	25.5842341512	25.4519378778	24.4455802304	24.5182477406	BC12_run3
49	26.2286991878	24.3416276668	24.8136449071	24.6160282384	BC12_run3
50	25.4854800254	24.5015484995	25.6653986614	24.3475728137	BC12_run3
51	24.8936352436	24.3573509812	25.4006233931	25.348390382	BC12_run3
52	25.0526824273	24.1370480059	24.1298496669	26.6804198999	BC12_run3
53	25.5801101083	23.8155667152	24.3019873264	26.30233585	BC12_run3
54	24.8384483274	24.5770081053	24.1599065613	26.4246370059	BC12_run3
55	25.9275641503	23.9155672281	24.3911332527	25.7657353689	BC12_run3
56	24.9235955206	24.3830253755	24.856292142	25.8370869619	BC12_run3
57	25.4310346471	24.811879754	24.6823368421	25.0747487569	BC12_run3
58	25.5755857964	24.750084373	24.2853560921	25.3889737386	BC12_run3
59	26.6937831578	25.1438147245	23.8194630771	24.3429390406	BC12_run3
60	26.6071575982	24.8320110245	23.5217776565	25.0390537209	BC12_run3
61	25.7336884315	24.4138718188	24.0213612666	25.8310784831	BC12_run3
62	25.6976548563	25.6800861259	24.4049918122	24.2172672055	BC12_run3
63	25.0142524436	25.4601885567	24.8446378503	24.6809211495	BC12_run3
64	26.7509778796	24.4108955558	24.0152198983	24.8229066662	BC12_run3
65	25.8897223476	24.5710303163	24.1521155073	25.3871318288	BC12_run3
66	25.9317457649	24.6920934214	25.3864839941	23.9896768195	BC12_run3
67	25.9845696921	24.156807273	24.8017400715	25.0568829634	BC12_run3
68	26.1649140799	24.8974403326	24.2521752014	24.6854703861	BC12_run3
69	26.4113302614	24.4262929069	24.1707370381	24.9916397937	BC12_run3
70	26.4558635985	23.5536198717	24.4790274127	25.5114891171	BC12_run3
71	25.1986443126	24.0083106689	25.132342242	25.6607027765	BC12_run3
72	25.5376050247	23.0596092909	26.1340031189	25.2687825656	BC12_run3
73	28.2535555486	21.4717308991	23.9307302445	26.3439833079	BC12_run3
74	26.016126837	24.1295072038	21.9756120764	27.8787538827	BC12_run3
75	28.1548623681	22.8019354469	23.2497039454	25.7934982396	BC12_run3
1	30.6057343762	23.4825914294	27.7686518478	18.1430223466	BC5_run1
2	30.4490884231	22.5518858097	26.583976529	20.4150492382	BC5_run1
3	32.7945051366	22.4138327256	25.2407656884	19.5508964494	BC5_run1
4	31.1287935904	21.7537806593	25.3621968004	21.7552289499	BC5_run1
5	31.5704270167	22.7482752086	24.554765075	21.1265326997	BC5_run1
6	31.1667629455	21.8280123413	26.4056572231	20.5995674901	BC5_run1
7	28.180680121	24.1077991659	26.0692227978	21.6422979154	BC5_run1
8	31.4662990611	24.2390048829	23.77147047	20.5232255861	BC5_run1
9	27.1527108272	28.4219563967	24.7252760894	19.7000566868	BC5_run1
10	27.3628154905	27.2745572866	25.415404222	19.9472230009	BC5_run1
11	25.580664041	27.8784114769	25.613227445	20.927697037	BC5_run1
12	25.1716977623	26.8989057726	27.3409743673	20.5884220977	BC5_run1
13	25.1579780138	26.712062933	26.8353875716	21.2945714815	BC5_run1
14	26.2890305864	26.3406689778	26.3279662646	21.0423341711	BC5_run1
15	26.2245666294	26.2498931795	26.4364281867	21.0891120044	BC5_run1
16	25.8428442363	26.2823039173	26.4713944683	21.403457378	BC5_run1
17	25.2276444935	25.9913423711	26.072324016	22.7086891195	BC5_run1
18	24.7144479382	26.5303420336	26.5769729113	22.178237117	BC5_run1
19	25.5214410433	26.1215171752	25.3384763702	23.0185654113	BC5_run1
20	25.3920579661	26.597857056	24.9942280527	23.0158569252	BC5_run1
21	25.2555574474	25.7425394355	25.4732190939	23.5286840232	BC5_run1
22	25.3126367993	25.8350083704	25.0861861372	23.7661686931	BC5_run1
23	25.2194871169	26.7466958233	25.0816824949	22.9521345648	BC5_run1
24	24.8123161331	26.3479226921	25.3815535226	23.4582076522	BC5_run1
25	24.8153676356	25.6810435693	25.4322949153	24.0712938799	BC5_run1
26	24.5454383019	26.4568059907	25.2632919587	23.7344637487	BC5_run1
27	24.9262134596	25.3906480973	25.269579042	24.4135594011	BC5_run1
28	25.0122434693	26.3494704869	24.2485851353	24.3897009085	BC5_run1
29	25.5925834803	26.3312411992	25.2060534044	22.8701219161	BC5_run1
30	24.2779097696	26.2718922286	26.0275031194	23.4226948824	BC5_run1
31	24.8732261178	25.1257533364	26.5943503006	23.4066702452	BC5_run1
32	24.9525197734	26.4967711759	25.1070334844	23.4436755663	BC5_run1
33	24.4413858803	25.8514459217	25.3837434289	24.323424769	BC5_run1
34	25.2227881039	26.1590519733	25.3648150568	23.2533448661	BC5_run1
35	26.289282503	25.6446253393	24.5703593913	23.4957327663	BC5_run1
36	25.7294213823	25.3581151336	25.480113026	23.432350458	BC5_run1
37	25.1385737336	25.3684656418	25.4818151243	24.0111455003	BC5_run1
38	25.8757738893	24.2668560581	25.9157729596	23.9415970929	BC5_run1
39	25.3983104042	25.23890933	25.5034668292	23.8593134366	BC5_run1
40	25.3019372272	25.2209625689	25.442759928	24.0343402759	BC5_run1
41	24.400125978	25.5490543077	25.8849314834	24.1658882309	BC5_run1
42	24.2660460469	24.9145236383	26.3132979071	24.5061324077	BC5_run1
43	25.2758065433	24.2324200752	25.5993357342	24.8924376473	BC5_run1
44	25.1666954736	24.6732060175	25.5120350321	24.6480634769	BC5_run1
45	24.7018426699	24.8458281183	25.8694357146	24.5828934972	BC5_run1
46	24.9072052836	24.8670697002	25.0991936103	25.1265314059	BC5_run1
47	25.4250718196	25.1057323491	25.1071965177	24.3619993136	BC5_run1
48	24.7801179128	25.6449238671	25.7417726496	23.8331855705	BC5_run1
49	25.2253704248	24.9719406216	25.049009518	24.7536794357	BC5_run1
50	24.5946493498	24.9885419731	25.8274293717	24.5893793054	BC5_run1
51	23.8400508269	25.526872173	26.2099997859	24.4230772142	BC5_run1
52	24.4367092705	24.7929117206	25.6861135608	25.084265448	BC5_run1
53	24.6616109348	24.6160754729	25.7409772687	24.9813363236	BC5_run1
54	24.2164441688	24.9799060368	26.7236662523	24.0799835421	BC5_run1
55	24.8319680797	25.1659524117	25.4120965563	24.5899829524	BC5_run1
56	24.6280178695	24.790308789	25.7356097689	24.8460635727	BC5_run1
57	25.4510221844	25.04062756	25.5102181291	23.9981321265	BC5_run1
58	24.9227211684	24.905488563	25.2814130387	24.89037723	BC5_run1
59	24.5198658873	25.9651459661	25.2448187432	24.2701694034	BC5_run1
60	24.2078491211	25.4263284213	25.5406479393	24.8251745183	BC5_run1
61	24.6927114456	24.885547078	25.3171598239	25.1045816525	BC5_run1
62	24.6477955422	26.5108566292	24.87630179	23.9650460386	BC5_run1
63	23.8883449259	26.1409454807	25.552145613	24.4185639803	BC5_run1
64	24.2599859898	26.1447767641	24.6637140516	24.9315231945	BC5_run1
65	24.4917489232	25.6285448422	24.5932206154	25.2864856192	BC5_run1
66	24.6211903023	24.99374876	25.2492054359	25.1358555018	BC5_run1
67	24.1766340891	24.6317269469	25.9915043736	25.2001345903	BC5_run1
68	24.8777830074	25.7065029934	25.2652997609	24.1504142382	BC5_run1
69	25.2658830503	24.9045882726	25.5227065136	24.3068221635	BC5_run1
70	25.8400162999	24.8893527969	24.8840074674	24.3866234358	BC5_run1
71	25.2059132349	24.7878534482	25.3800860603	24.6261472566	BC5_run1
72	25.1906782186	24.742607323	25.7429804289	24.3237340296	BC5_run1
73	27.786605901	22.5439273757	24.2357376332	25.43372909	BC5_run1
74	24.3991434265	24.7957270458	23.8285851839	26.9765443438	BC5_run1
75	26.4107132645	23.8951068536	23.6293566695	26.0648232124	BC5_run1
1	34.9224363128	21.0201925577	27.306586001	16.7507851286	BC6_run3
2	24.4146577499	30.5706816114	28.2388043687	16.77585627	BC6_run3
3	27.973802803	30.0419699896	24.9059079879	17.0783192195	BC6_run3
4	35.3480223844	20.2781950543	26.113853214	18.2599293473	BC6_run3
5	27.2143402928	29.9948371642	25.8214071825	16.9694153605	BC6_run3
6	35.6442160868	21.6253972184	25.0912054806	17.6391812141	BC6_run3
7	23.7277013712	23.1389866182	25.4154328694	27.7178791412	BC6_run3
8	29.3831068338	28.3352798676	23.1945722646	19.087041034	BC6_run3
9	22.1354795439	26.7219728628	30.2343290512	20.908218542	BC6_run3
10	25.8218742778	28.8332810591	24.4022169765	20.9426276866	BC6_run3
11	27.6187764013	24.9030617825	23.9298619237	23.5482998925	BC6_run3
12	26.7176911458	23.831210638	31.1132388507	18.3378593656	BC6_run3
13	26.6062336043	22.6983114656	31.2276704169	19.4677845132	BC6_run3
14	22.0096414583	24.1841287399	30.2684419717	23.5377878301	BC6_run3
15	21.7584930269	33.928976792	27.0402456591	17.2722845221	BC6_run3
16	31.9091241155	25.0397772885	24.0300223083	19.0210762878	BC6_run3
17	25.5136848492	29.4894415244	26.0147300691	18.9821435573	BC6_run3
18	25.5919681367	29.4518851765	24.5510452566	20.4051014301	BC6_run3
19	22.0219191538	28.5939508748	24.1325301951	25.2515997763	BC6_run3
20	20.9047930548	30.0185514974	29.6209014913	19.4557539564	BC6_run3
21	20.399943048	29.2894005394	25.3062715246	25.0043848879	BC6_run3
22	25.6273951005	24.7344624141	24.8731383478	24.7650041376	BC6_run3
23	22.4026858379	32.6299585651	24.8328573551	20.1344982419	BC6_run3
24	29.4906846652	25.9770835956	25.3518656462	19.180366093	BC6_run3
25	21.6400478726	25.1706491684	34.4141801824	18.7751227766	BC6_run3
26	26.4529178682	23.0616351679	24.7028193266	25.7826276373	BC6_run3
27	21.7450891769	29.6003232572	29.7925696659	18.8620179	BC6_run3
28	21.276609092	31.3173853038	22.7656727029	24.6403329012	BC6_run3
29	31.1127525144	26.271358935	23.723500022	18.8923885285	BC6_run3
30	21.0506142237	30.5641844293	28.8995781622	19.4856231849	BC6_run3
31	27.5175723168	25.8610857664	27.8574023385	18.7639395783	BC6_run3
32	21.3617179794	24.6857948364	25.1658334427	28.7866537415	BC6_run3
33	21.4367811217	24.9340498083	32.0770281274	21.5521409426	BC6_run3
34	20.2156425839	25.7025058467	27.8039164874	26.2779350821	BC6_run3
35	25.2734624388	28.2289848904	23.9138114492	22.5837412215	BC6_run3
36	24.2262255341	25.0830111051	30.1976902	20.4930731607	BC6_run3
37	19.155517715	25.4377933419	29.3765429194	26.0301460238	BC6_run3
38	24.9487450032	24.4853054712	29.6920839981	20.8738655275	BC6_run3
39	24.8674551606	24.9986557319	25.7187532935	24.4151358141	BC6_run3
40	26.7169479166	24.1982111036	28.5108062978	20.574034682	BC6_run3
41	20.6253312136	24.5088305593	28.169970691	26.6958675362	BC6_run3
42	26.1269349711	29.9879857217	25.2707549911	18.6143243161	BC6_run3
43	20.8317665802	24.2476868204	27.8114071218	27.1091394776	BC6_run3
44	26.3259822737	23.0175692651	24.5878114314	26.0686370298	BC6_run3
45	25.7139727948	24.8531312291	24.867807154	24.5650888222	BC6_run3
46	20.0512554052	24.6847176109	30.0975790187	25.1664479652	BC6_run3
47	27.4493224548	28.676031148	24.5799928283	19.2946535688	BC6_run3
48	20.566002499	24.9683182669	35.6204950799	18.8451841542	BC6_run3
49	22.1642723298	23.0264566789	24.5371196574	30.272151334	BC6_run3
50	19.786541366	29.9296302512	30.546064776	19.7377636069	BC6_run3
51	21.3634240756	24.6054912386	33.4023405574	20.6287441284	BC6_run3
52	20.8133647416	23.3950667425	30.7182375292	25.0733309867	BC6_run3
53	20.6669618036	23.5445466316	33.3647511329	22.4237404319	BC6_run3
54	28.0096977225	24.5221005362	27.8463173735	19.6218843678	BC6_run3
55	20.9135665034	24.8170611747	26.1493356622	28.1200366597	BC6_run3
56	22.2876702766	27.2522007477	29.645400997	20.8147279787	BC6_run3
57	22.7859484234	24.1865614636	31.5882478075	21.4392423056	BC6_run3
58	24.844616364	26.2548534607	28.0149770873	20.885553088	BC6_run3
59	23.6832364236	25.5345456041	28.5873292513	22.1948887209	BC6_run3
60	22.3121542192	28.3641395518	25.7066361568	23.6170700722	BC6_run3
61	21.4416697919	28.5206978158	26.0858432372	23.9517891551	BC6_run3
62	21.9725009791	30.9362687756	25.4862647552	21.6049654901	BC6_run3
63	23.0889276214	27.0758593019	28.4288055358	21.4064075409	BC6_run3
64	22.4327177884	28.0687953753	28.1827400024	21.3157468339	BC6_run3
65	19.414844827	28.9579478686	28.8402773774	22.7869299271	BC6_run3
66	22.37392639	28.5942937039	26.3545619882	22.6772179179	BC6_run3
67	22.481186354	28.6170454006	25.7500408706	23.1517273748	BC6_run3
68	21.2489679103	27.2946904793	28.8589534942	22.5973881162	BC6_run3
69	21.1948375907	26.4664475515	28.8182771985	23.5204376593	BC6_run3
70	21.5634132642	28.4063311508	27.2522773094	22.7779782757	BC6_run3
71	23.1524925083	26.2098891003	29.0113633878	21.6262550036	BC6_run3
72	21.731759142	27.2917143032	29.6097797657	21.3667467891	BC6_run3
73	25.2640105423	24.2965260021	25.5302879181	24.9091755375	BC6_run3
74	22.3195528835	27.770372184	25.2926720894	24.6174028431	BC6_run3
75	25.8768256809	26.2870842617	25.8961746486	21.9399154087	BC6_run3
1	26.5946013948	22.2206272009	29.5133668093	21.671404595	BC16_run3
2	26.5935278003	22.9371143582	30.2945189248	20.1748389167	BC16_run3
3	27.570408264	23.1323870798	27.8732446451	21.4239600111	BC16_run3
4	25.83006372	23.6969147223	27.9194726696	22.5535488881	BC16_run3
5	26.1514586068	24.6123773962	27.6231093684	21.6130546286	BC16_run3
6	26.1072257662	23.2595332359	30.463103072	20.1701379258	BC16_run3
7	23.9509752109	25.4393259574	29.3721772141	21.2375216175	BC16_run3
8	27.0600473905	26.2095654641	26.1926841663	20.5377029791	BC16_run3
9	25.1706041916	30.4954797497	26.1775414972	18.1563745614	BC16_run3
10	25.3803061564	29.6138696863	26.7109583489	18.2948658084	BC16_run3
11	24.1464471535	29.6819823483	27.4407151815	18.7308553167	BC16_run3
12	24.2030132818	28.9873766975	27.8100138891	18.9995961316	BC16_run3
13	23.6267999983	28.7926180108	27.7963569406	19.7842250502	BC16_run3
14	24.0676290158	29.5207953293	27.3045040852	19.1070715697	BC16_run3
15	24.1222051722	29.0893737266	27.63794908	19.1504720212	BC16_run3
16	24.3674271135	28.2722463044	28.0453285421	19.31499804	BC16_run3
17	23.5641282056	28.540879464	27.9184746664	19.976517664	BC16_run3
18	22.9925658553	28.3184823074	28.5341203943	20.1548314431	BC16_run3
19	23.8636616325	27.7605552593	28.046831813	20.3289512952	BC16_run3
20	23.2116062323	28.4424999422	27.6986819993	20.6472118263	BC16_run3
21	23.512906901	27.8752313076	28.0548256808	20.5570361106	BC16_run3
22	22.9703983488	28.7655051647	27.0515272108	21.2125692757	BC16_run3
23	23.9121746403	28.5749771592	27.1140234392	20.3988247612	BC16_run3
24	23.2578805314	27.914061668	27.6112628784	21.2167949223	BC16_run3
25	23.493536448	27.5367990911	27.3118938134	21.6577706475	BC16_run3
26	22.9626249142	27.4639001344	27.832738159	21.7407367924	BC16_run3
27	23.3183570418	27.2229101557	27.756607592	21.7021252105	BC16_run3
28	22.6744773147	28.3537899241	27.2941599565	21.6775728048	BC16_run3
29	22.770573441	27.861198982	27.9476842004	21.4205433766	BC16_run3
30	22.8188799176	28.3078032117	27.4342025192	21.4391143515	BC16_run3
31	23.5061974792	27.6183320855	27.4248326172	21.450637818	BC16_run3
32	23.7694562104	27.9312532909	26.851416034	21.4478744647	BC16_run3
33	23.1502147927	27.9336429833	27.2572324337	21.6589097904	BC16_run3
34	22.8582027158	27.4032700311	27.3477691091	22.390758144	BC16_run3
35	22.9202777876	27.2056667722	27.7117514376	22.1623040026	BC16_run3
36	23.0312225958	27.3851797032	28.4940085895	21.0895891115	BC16_run3
37	22.3150214423	27.9827209817	27.5485544443	22.1537031317	BC16_run3
38	23.3085569053	27.8015675373	27.6176844451	21.2721911124	BC16_run3
39	23.3539197517	27.7630595142	27.5506699604	21.3323507738	BC16_run3
40	22.8430694288	27.2339782444	26.8012313123	23.1217210146	BC16_run3
41	22.8678830969	27.3581043677	26.6196978194	23.1543147159	BC16_run3
42	22.666026607	26.7416939934	27.8301161956	22.762163204	BC16_run3
43	22.4453552597	27.1152938235	27.3275552689	23.1117956479	BC16_run3
44	22.0417514894	27.2037706375	27.6243247808	23.1301530923	BC16_run3
45	21.9493395881	27.7922409199	27.6960032282	22.5624162639	BC16_run3
46	22.5837726534	27.4570306382	27.2150153743	22.7441813341	BC16_run3
47	22.5750131649	28.1391364267	26.6150170199	22.6708333886	BC16_run3
48	21.8502816385	27.5862082643	27.5640956356	22.9994144616	BC16_run3
49	22.2287770891	26.889217869	27.0258596786	23.8561453633	BC16_run3
50	22.2417819382	27.9126269946	27.5093133135	22.3362777537	BC16_run3
51	22.0264058787	27.2615966633	27.8522665729	22.8597308851	BC16_run3
52	22.0299723464	27.1251549332	27.8424568506	23.0024158699	BC16_run3
53	21.9707782441	27.1203933528	27.5588605487	23.3499678545	BC16_run3
54	21.5169051176	27.6430347191	27.5313040716	23.3087560917	BC16_run3
55	21.914969745	27.3486067687	27.7356286982	23.000794788	BC16_run3
56	21.4197443311	27.6822154154	27.8675997348	23.0304405186	BC16_run3
57	21.2592011177	28.2197210742	28.132636053	22.3884417551	BC16_run3
58	21.0128354145	28.0958674875	27.6799045044	23.2113925937	BC16_run3
59	21.4804341583	28.6184872275	27.5112065763	22.389872038	BC16_run3
60	21.1506313888	27.8415405704	27.6204339546	23.3873940862	BC16_run3
61	21.7997165184	27.2371825917	27.3713165282	23.5917843617	BC16_run3
62	21.7841056878	28.279932658	27.4600210998	22.4759405543	BC16_run3
63	21.2438002596	28.555820067	28.0613326108	22.1390470626	BC16_run3
64	22.1374280001	27.7169796648	27.4569438926	22.6886484425	BC16_run3
65	21.4727154953	28.024442039	28.0570822289	22.4457602368	BC16_run3
66	21.3177836181	28.3242445001	28.3331712099	22.024800672	BC16_run3
67	21.0896054533	28.1023370427	27.8832662202	22.9247912839	BC16_run3
68	21.3952818664	28.2552795569	27.6774925274	22.6719460493	BC16_run3
69	21.5385979003	28.0562579623	27.6993231322	22.7058210052	BC16_run3
70	21.9264844798	27.4185470522	27.6122584859	23.0427099821	BC16_run3
71	21.6595985622	27.9608556915	27.2115754919	23.1679702544	BC16_run3
72	22.3927725307	27.4407862385	28.185656148	21.9807850828	BC16_run3
73	23.9147972599	24.9417584085	27.629333742	23.5141105896	BC16_run3
74	21.4736085146	28.3598695485	25.4527184134	24.7138035236	BC16_run3
75	24.0336347633	26.2389192859	26.9530502505	22.7743957003	BC16_run3
1	32.9387089623	21.8009455526	26.1389822993	19.1213631858	BC8_run2
2	33.1113281928	20.9195859029	26.1848652422	19.784220662	BC8_run2
3	35.4172610866	21.059506811	23.4467608376	20.0764712648	BC8_run2
4	33.2152002762	20.7763019383	24.2182016127	21.7902961728	BC8_run2
5	34.3951814385	21.6528770872	23.2898976229	20.6620438514	BC8_run2
6	31.8068530745	21.0152210293	26.7619893432	20.415936553	BC8_run2
7	29.8528901762	23.3822638856	25.1866526815	21.5781932568	BC8_run2
8	33.0225379092	23.5245264113	22.6499920909	20.8029435886	BC8_run2
9	26.6145413138	29.8272280381	24.1209244961	19.4373061521	BC8_run2
10	28.1186991966	27.8826506202	25.2355616601	18.7630885231	BC8_run2
11	26.8152099542	28.6185224451	25.1903594135	19.3759081871	BC8_run2
12	26.7944088958	27.372953748	26.2869966074	19.5456407488	BC8_run2
13	26.4971488524	26.9710769835	25.6341411161	20.8976330479	BC8_run2
14	26.7540134439	26.985064857	25.5469741029	20.7139475962	BC8_run2
15	26.6386261413	26.9980038804	25.8872442287	20.4761257496	BC8_run2
16	26.4849822555	26.270559698	25.8520433452	21.3924147013	BC8_run2
17	25.9765126209	26.015265904	26.0007546692	22.0074668058	BC8_run2
18	25.6623369902	26.0514479083	26.4423829496	21.8438321518	BC8_run2
19	26.2821058751	25.6003187972	25.4149045748	22.7026707529	BC8_run2
20	25.930603446	26.3160292163	25.4344567503	22.3189105875	BC8_run2
21	25.4449752553	26.3913230964	25.4588971212	22.704804527	BC8_run2
22	25.6712996028	26.0743909019	24.7848590261	23.4694504691	BC8_run2
23	25.6221112443	25.3608865919	25.9521851481	23.0648170156	BC8_run2
24	25.1374763973	25.6661853484	26.1748199609	23.0215182934	BC8_run2
25	25.8773238444	25.0001005844	25.5334733327	23.5891022385	BC8_run2
26	25.9483169437	25.5371738039	25.937239885	22.5772693674	BC8_run2
27	24.8987990188	24.8100383069	26.0998013582	24.191361316	BC8_run2
28	25.3507758878	25.6959680957	25.6232213278	23.3300346887	BC8_run2
29	26.1594920907	25.7624309451	25.2539493638	22.8241276005	BC8_run2
30	25.4924537168	25.5197972425	25.9484546987	23.039294342	BC8_run2
31	25.7910444849	24.859744036	25.8755288757	23.4736826033	BC8_run2
32	26.1873971626	25.5222362138	25.0602729176	23.230093706	BC8_run2
33	25.4668549326	25.2902545569	26.0881793482	23.1547111623	BC8_run2
34	25.8608878101	25.1287217467	25.5411246207	23.4692658225	BC8_run2
35	26.8380949424	24.6100179351	25.5404622808	23.0114248417	BC8_run2
36	26.1693742529	25.0995770446	25.7231526562	23.0078960464	BC8_run2
37	26.0021796156	25.2345916008	24.9516202355	23.8116085482	BC8_run2
38	25.9383595575	24.9134122621	25.4115041879	23.7367239925	BC8_run2
39	25.224663634	25.3780406369	25.6376916071	23.759604122	BC8_run2
40	25.4844027994	24.3626513838	25.1616163591	24.9913294577	BC8_run2
41	25.0913716082	24.9885167755	24.8988827954	25.0212288209	BC8_run2
42	25.0796209824	24.3302845438	25.9507431929	24.6393512808	BC8_run2
43	25.9529649499	23.8367746665	25.2478516828	24.9624087008	BC8_run2
44	25.2643819597	24.6478398483	25.6424183354	24.4453598566	BC8_run2
45	24.8760695159	25.7774343359	25.8229524404	23.5235437078	BC8_run2
46	26.2394658962	25.0863046545	25.0798368584	23.594392591	BC8_run2
47	25.8493610173	25.7013444079	24.9482367508	23.5010578239	BC8_run2
48	25.0724655573	25.4585795857	25.8604446825	23.6085101746	BC8_run2
49	26.0390263717	24.5820838391	25.4894050413	23.8894847478	BC8_run2
50	25.5063924568	24.9190402371	26.0737922047	23.5007751014	BC8_run2
51	24.7634789976	25.0383100023	26.3022472291	23.895963771	BC8_run2
52	24.8883996807	24.5715623533	25.115615907	25.4244220589	BC8_run2
53	25.1163352629	24.8225433118	24.9577839206	25.1033375047	BC8_run2
54	24.3937762477	25.2056126477	25.2645022243	25.1361088803	BC8_run2
55	25.363960725	24.904426199	24.9275148509	24.8040982251	BC8_run2
56	24.6831437193	25.3472656125	25.3107360295	24.6588546387	BC8_run2
57	24.8585008492	25.4387465566	25.2869125391	24.4158400551	BC8_run2
58	25.1038847288	25.2993533809	24.9077119542	24.6890499361	BC8_run2
59	26.0535040254	25.9115997809	24.4689528709	23.5659433228	BC8_run2
60	25.7350256889	25.8437974075	24.373874122	24.0473027816	BC8_run2
61	25.3280499118	25.1080971653	24.7416516188	24.8222013042	BC8_run2
62	25.50084857	26.0560665014	25.0373552384	23.4057296901	BC8_run2
63	24.9054022637	25.9806154772	25.1991744975	23.9148077617	BC8_run2
64	25.7560499924	25.2104161639	24.5824221089	24.4511117348	BC8_run2
65	25.5597411717	25.5423886712	24.1018743696	24.7959957875	BC8_run2
66	25.67162587	25.3973656539	25.17890424	23.752104236	BC8_run2
67	25.7460151605	24.9140711874	24.8057879136	24.5341257385	BC8_run2
68	25.8273489712	25.4698972919	24.5360706119	24.1666831249	BC8_run2
69	25.7126268316	25.0817890523	24.7422698207	24.4633142954	BC8_run2
70	25.8721377665	24.1077355169	24.9008740155	25.1192527012	BC8_run2
71	25.352361739	24.5015417228	25.2776884729	24.8684080653	BC8_run2
72	25.4874392248	23.5207176439	26.3849845847	24.6068585467	BC8_run2
73	28.0359411241	21.9265682845	24.3149190508	25.7225715407	BC8_run2
74	25.4074329733	24.6412701152	22.672701823	27.2785950885	BC8_run2
75	27.7897707766	23.429159578	23.7802305085	25.000839137	BC8_run2
1	35.2671911796	21.1450522333	27.1777379161	16.4100186711	BC6_run1
2	24.0284724177	31.3100903658	28.1340817114	16.5273555051	BC6_run1
3	27.5932452116	30.8289275071	24.8684781206	16.7093491606	BC6_run1
4	35.5788527186	20.333924393	26.07822308	18.0089998083	BC6_run1
5	26.9366046766	30.6644310085	25.6890975006	16.7098668143	BC6_run1
6	35.977074458	21.6936949477	24.8479765997	17.4812539946	BC6_run1
7	23.4364329925	23.2224955557	25.2121199317	28.1289515201	BC6_run1
8	29.2327046136	28.7684971497	23.1085588659	18.8902393709	BC6_run1
9	21.798761733	26.550319198	30.5777315754	21.0731874936	BC6_run1
10	25.2737857007	29.0172298035	24.4638230671	21.2451614286	BC6_run1
11	27.6246274543	24.7808687456	23.9138505741	23.680653226	BC6_run1
12	26.6536511651	23.6674696759	31.463566641	18.2153125181	BC6_run1
13	26.6318099007	22.4576350174	31.6773003726	19.2332547094	BC6_run1
14	21.6435306366	24.2029044492	30.5198934855	23.6336714287	BC6_run1
15	21.4343754554	34.5414794378	27.0011674195	17.0229776873	BC6_run1
16	32.2971640828	24.7659104614	24.0248767611	18.9120486947	BC6_run1
17	25.5190600091	29.7756596883	26.081448813	18.6238314897	BC6_run1
18	25.7948653902	29.7510177757	24.4099013789	20.0442154553	BC6_run1
19	21.7294211362	28.829547022	24.0384579537	25.4025738881	BC6_run1
20	20.5220897883	30.1609142552	30.0036504344	19.3133455222	BC6_run1
21	20.1104774983	29.5482570124	25.2785316062	25.0627338831	BC6_run1
22	25.7052335162	24.4866707759	24.9510064645	24.8570892434	BC6_run1
23	21.9036612096	33.2409681413	24.9714718003	19.8838988488	BC6_run1
24	29.7154780076	26.0465886471	25.3247594498	18.9131738955	BC6_run1
25	21.3184986034	25.152174244	34.9611646172	18.5681625354	BC6_run1
26	26.6528966933	22.9412213139	24.5532517424	25.8526302503	BC6_run1
27	21.4223296843	29.8208352695	30.0799136008	18.6769214453	BC6_run1
28	20.9140625	31.8380481351	22.5560420867	24.6918472782	BC6_run1
29	31.4972402958	26.2731362551	23.6323126153	18.5973108337	BC6_run1
30	20.7511043459	30.9577005616	29.3468041161	18.9443909764	BC6_run1
31	27.6200216772	25.7583992739	28.0608526912	18.5607263576	BC6_run1
32	20.9423806622	24.6356000764	25.2705993701	29.1514198913	BC6_run1
33	21.1155686541	24.8665399696	32.874780815	21.1431105613	BC6_run1
34	19.9986810391	25.4991962982	27.9629000621	26.5392226006	BC6_run1
35	25.0842960446	28.4811251277	23.8796773399	22.5549014878	BC6_run1
36	24.1547127276	24.8308010439	30.5451832366	20.469302992	BC6_run1
37	18.7610278247	25.2444296287	29.7632384673	26.2313040793	BC6_run1
38	25.0122611818	24.3242771399	30.0608290402	20.6026326382	BC6_run1
39	25.1672281469	24.7410111831	25.6580018222	24.4337588478	BC6_run1
40	26.7345002143	24.2542223066	28.7829701546	20.2283073245	BC6_run1
41	20.1694642273	24.4745363518	28.5485831359	26.8074162851	BC6_run1
42	25.9008050519	30.4514893297	25.3138983405	18.3338072778	BC6_run1
43	20.4967989874	24.347055016	28.1113894727	27.0447565239	BC6_run1
44	26.2665435316	22.9177087681	24.5953469417	26.2204007585	BC6_run1
45	25.8617286265	24.7317155614	24.8219304332	24.5846253789	BC6_run1
46	19.6064082397	24.7004969988	30.4345273203	25.2585674412	BC6_run1
47	27.3546657363	29.0946375912	24.4575367149	19.0931599577	BC6_run1
48	20.1118469729	24.9434029788	36.2982599348	18.6464901134	BC6_run1
49	21.6484470805	22.9960305048	24.6851681065	30.6703543082	BC6_run1
50	19.3921299611	30.2089624962	30.873088554	19.5258189887	BC6_run1
51	21.0970145488	24.4812618973	34.0371981725	20.3845253814	BC6_run1
52	20.3778476904	23.1988674023	31.2715503536	25.1517345537	BC6_run1
53	20.4399747497	23.559954509	33.8174419876	22.1826287537	BC6_run1
54	27.9778541879	24.3713705746	28.213666076	19.4371091614	BC6_run1
55	20.5525106394	24.684311611	26.1219471627	28.6412305869	BC6_run1
56	22.1096336474	27.041872892	30.3541663394	20.4943271212	BC6_run1
57	22.6362577802	24.1571912514	32.1359470487	21.0706039197	BC6_run1
58	25.0283287791	26.1076626397	28.0331712298	20.8308373515	BC6_run1
59	23.288737564	25.6228256473	28.8863900575	22.2020467312	BC6_run1
60	22.0504645755	28.5015040102	26.0561895682	23.3918418461	BC6_run1
61	21.2163034148	28.5294761872	26.2012175269	24.0530028712	BC6_run1
62	21.7529222957	31.1032791849	25.7990378736	21.3447606458	BC6_run1
63	23.0415990712	27.0098132773	28.5717466679	21.3768409836	BC6_run1
64	22.275351358	28.2150033824	28.3233192384	21.1863260211	BC6_run1
65	19.2501151536	29.3608586715	29.0500740945	22.3389520805	BC6_run1
66	22.2901319745	28.6271714464	26.6002339114	22.4824626677	BC6_run1
67	22.3782427297	28.8635612273	25.7458937739	23.0123022691	BC6_run1
68	21.0133655577	27.5738836353	28.9346888128	22.4780619941	BC6_run1
69	20.9592191308	26.4628222499	29.252358903	23.3255997163	BC6_run1
70	21.1921143811	28.5472681419	27.5223479538	22.7382695231	BC6_run1
71	23.1392802152	26.5032622921	28.9715472425	21.3859102502	BC6_run1
72	21.4371905987	27.5148561522	29.7246304185	21.3233228306	BC6_run1
73	25.0217673372	24.4897178428	25.7810083728	24.7075064472	BC6_run1
74	22.2034304574	27.9595185743	25.5931390852	24.2439118831	BC6_run1
75	25.7723446424	26.5725467561	25.9860300026	21.6690785989	BC6_run1
1	27.993099692	23.7172709498	28.2743088387	20.0153205194	BC7_run2
2	29.4222530875	22.8369093015	27.9199102335	19.8209273776	BC7_run2
3	31.8437890474	22.8139003188	25.7483357749	19.5939748589	BC7_run2
4	29.6515795506	22.1572640799	26.5556383745	21.635517995	BC7_run2
5	30.4237458381	23.2453905721	25.2973494376	21.0335141522	BC7_run2
6	30.1251578205	22.3996067715	27.3863174031	20.088918005	BC7_run2
7	27.2513544881	24.393352195	26.7153433869	21.6399499301	BC7_run2
8	30.24147529	24.9452813851	24.1732781488	20.6399651761	BC7_run2
9	26.0304155249	29.4362567396	24.5532376645	19.980090071	BC7_run2
10	26.4927321859	28.3650570588	25.8360808748	19.3061298804	BC7_run2
11	24.6814398878	28.9732294183	25.4411828624	20.9041478314	BC7_run2
12	23.9585150018	28.3071461637	27.2626333581	20.4717054764	BC7_run2
13	25.0182536511	27.2586420575	26.4976404145	21.2254638769	BC7_run2
14	25.2817133111	26.9212276576	26.8895505115	20.9075085198	BC7_run2
15	25.5960426266	26.7770988386	26.9226498822	20.7042086525	BC7_run2
16	25.2240210052	26.5792557385	27.0510385558	21.1456847005	BC7_run2
17	24.9377153022	26.7058066301	25.5255440188	22.830934049	BC7_run2
18	24.9436764001	26.9063398195	26.3984094836	21.7515742969	BC7_run2
19	26.1407093725	26.5272145368	25.375630877	21.9564452137	BC7_run2
20	25.5680503637	27.1152524852	25.4790212644	21.8376758867	BC7_run2
21	25.6571058974	26.5065464775	25.3264079648	22.5099396603	BC7_run2
22	25.5867785651	26.696535356	25.0069983692	22.7096877097	BC7_run2
23	26.8932354956	26.5075188091	24.6878743515	21.9113713437	BC7_run2
24	25.7286825149	26.1879898724	25.0792612424	23.0040663703	BC7_run2
25	25.1261081194	26.0803637998	25.0019349478	23.791593133	BC7_run2
26	24.3303035505	26.9596019668	25.1600020156	23.5500924672	BC7_run2
27	24.8959566708	25.5762371251	25.0547364099	24.4730697942	BC7_run2
28	25.1898298278	26.9646199733	24.1159041448	23.729646054	BC7_run2
29	25.4707124765	26.9578253666	25.4475402688	22.1239218881	BC7_run2
30	23.6102926521	26.9301425256	26.105635825	23.3539289973	BC7_run2
31	25.29850392	24.9258668323	26.7462731219	23.0293561258	BC7_run2
32	25.048216011	26.9171710729	25.1309416495	22.9036712666	BC7_run2
33	24.4378024036	26.0233195923	25.5341510267	24.0047269774	BC7_run2
34	25.398560179	25.8189039429	25.652333172	23.1302027061	BC7_run2
35	26.4679979683	25.8304446775	24.4943159921	23.2072413621	BC7_run2
36	25.4571894997	26.1727886849	25.8068361466	22.5631856688	BC7_run2
37	25.3741405027	26.1805892647	25.5232310707	22.9220391619	BC7_run2
38	26.013131232	25.047351784	26.2813436891	22.6581732948	BC7_run2
39	25.7595273584	25.7489283068	25.3725396782	23.1190046567	BC7_run2
40	25.6237161983	25.5930436372	25.4560368114	23.3272033531	BC7_run2
41	24.0583752337	26.0788701659	25.5011487102	24.3616058902	BC7_run2
42	24.2400453978	25.407111127	26.1411376622	24.2117058131	BC7_run2
43	25.0792027113	24.7232090143	25.1539890157	25.0435992586	BC7_run2
44	24.6517528457	25.1050000143	25.7720252923	24.4712218477	BC7_run2
45	24.0808073929	25.0762106467	26.7053247346	24.1376572257	BC7_run2
46	24.9245771668	25.135784266	25.6429184163	24.2967201509	BC7_run2
47	25.4064497744	25.2885886457	25.9614087977	23.3435527822	BC7_run2
48	25.1260763035	26.0191753293	25.9264442813	22.9283040858	BC7_run2
49	25.8875061122	24.6245697901	25.1117737267	24.3761503711	BC7_run2
50	25.0889905161	24.8200529301	26.0181345141	24.0728220397	BC7_run2
51	24.5623764951	25.2782641551	25.7039281957	24.4554311541	BC7_run2
52	25.4169425416	24.9608808827	25.3952917094	24.2268848662	BC7_run2
53	24.7654659935	24.6256600162	26.155723024	24.4531509664	BC7_run2
54	24.5103945445	25.4504430462	26.4362837599	23.6028786494	BC7_run2
55	24.2438093724	25.38352629	25.580782088	24.7918822496	BC7_run2
56	24.8076434348	24.6727425114	25.4982494836	25.0213645703	BC7_run2
57	25.2618321796	25.3504876669	24.9735783317	24.4141018218	BC7_run2
58	24.7728475147	24.9555142123	25.3041641498	24.9674741231	BC7_run2
59	24.7773001546	26.2247322651	24.8785636101	24.1194039702	BC7_run2
60	24.2730197402	25.4458878759	25.0453238338	25.2357685501	BC7_run2
61	24.5239216524	24.9453862253	25.2537756087	25.2769165136	BC7_run2
62	24.2470550982	27.0359363213	25.094765903	23.6222426776	BC7_run2
63	23.8071327244	25.9407971525	25.8313159086	24.4207542145	BC7_run2
64	24.0995396429	26.4962434097	24.8123222009	24.5918947465	BC7_run2
65	24.6786440425	25.6905326187	24.440403215	25.1904201238	BC7_run2
